Name  SP  BE_WD  Mob_WD  QC_C  QC_E  QC_T  QC_A  
------------------------------------------------------------------------------------------------
F1    13  2      3       1     1     2     0     
F3    8   0      3       1     2     3     0     
F4    8   0      3       0     2     2     0     
F5    1   0      1       0     1     1     0     
F6    3   0      2       0     1     1     0     
F8    3   0      3       0     2     0     0     
F9    3   0      2       0     1     2     0     

Name  SP  BE_WD  Mob_WD  QC_C  QC_E  QC_T  QC_A  
------------------------------------------------------------------------------------------------
F1    13  2      3       1     1     2     0     
F3    8   0      3       1     2     3     0     
F5    1   0      1       0     1     1     0     

